0 1 3.640870344531125 0.49003303266410203 1.6201769428737124e-05 483 0.1 0.01 100
0 2 6.586882345014871 0.37676720427264754 1.340870340018933e-05 483 0.1 0.01 100
1 2 2.2422719333457297 0.571686680128797 2.454087482044117e-05 483 0.1 0.01 100
1 3 9.94136528402927 0.16392872853114837 1.3347267514925936e-05 483 0.1 0.01 100
1 4 5.843996756546951 0.15094026739528787 1.330898073132803e-05 483 0.1 0.01 100
1 5 3.3299684447665676 0.5938935353382374 5.580376267789516e-05 483 0.1 0.01 100
1 0 8.053911982844937 0.023168521006422416 6.556642718075796e-05 483 0.1 0.01 100
2 0 1.1286274883035097 0.14611970538478458 2.067499850689922e-05 483 0.1 0.01 100
2 1 1.0581972086999947 0.20113974844397942 1.214688741111863e-05 483 0.1 0.01 100
3 1 0.4873088561789518 0.7366983586141126 9.990161253284662e-05 483 0.1 0.01 100
4 1 8.263734989930946 0.592402739994867 1.9947488395118128e-05 483 0.1 0.01 100
5 1 1.4710948696012893 0.8602364830009 6.120625137604408e-05 483 0.1 0.01 100
5 6 5.8568207040915 0.578147506640188 4.245825897008106e-05 483 0.1 0.01 100
6 5 7.66699466410172 0.3416856049365343 6.31773199058096e-05 483 0.1 0.01 100
