6 24 228.0 24
15 19 27.98 73
14 4 10.0 113
16 20 5.3 138
17 16 10.0 257
13 19 45.06 356
15 19 1903.26 479
23 6 491.1 524
4 23 69.32 534
17 19 72.57 562
21 16 54.0 580
19 22 55.6 632
22 24 20.94 791
13 19 30.0 846
18 24 3.89 852
21 17 10.59 891
23 17 26.98 954
22 23 7.45 1070
17 21 15.0 1083
20 6 5.0 1143
19 17 28.1 1146
24 13 22.85 1167
21 17 0.92 1173
19 18 0.01 1257
22 21 6.18 1325
22 14 15.0 1408
15 24 55.65 1442
21 16 36.81 1459
14 13 219.0 1463
17 15 10.0 1485
18 17 1.39 1598
13 21 2.58 1735
21 24 51.2 1816
13 16 11.5 1839
13 23 62.46 1846
14 6 1.0 1866
14 6 206.0 1909
19 24 6.99 1914
15 21 1.0 1969
22 15 21.0 1974
24 22 85.0 1977
13 20 552.19 2011
4 17 362.06 2015
4 24 15.0 2080
22 21 72.73 2218
17 22 381.8 2239
23 15 7.99 2467
23 13 25.0 2512
24 17 20.98 2519
21 16 0.77 2603
4 22 54.0 2718
19 6 7.12 2789
14 15 0.89 2860
13 16 236.0 2867
16 19 31.2 2900
13 16 65.04 2978
17 15 18.75 2989
16 21 5.0 3041
13 24 46.2 3082
23 14 44.0 3112
4 20 16.0 3218
17 13 53.0 3252
4 15 1.98 3304
15 22 100.0 3305
6 23 0.89 3310
17 24 329.26 3369
24 15 1.0 3482
15 13 16.07 3496
19 6 11.85 3496
24 21 154.85 3592
18 19 5.34 3635
22 19 10.0 3651
19 24 114.0 3663
15 21 103.02 3691
18 20 15.21 3717
16 15 101.99 3720
14 23 74.5 3843
19 15 3.1 3859
16 15 1.5 3903
20 18 2447.6 3910
17 15 2.07 3920
4 18 28.0 4081
24 4 54.95 4120
20 6 32.12 4283
17 4 51.83 4311
19 22 49.12 4337
24 16 2.15 4370
19 24 1.13 4398
21 13 25.35 4428
17 21 1.84 4448
6 23 45.0 4488
23 13 14.25 4574
18 24 1.23 4589
17 6 9.0 4616
20 4 9.99 4658
17 24 0.89 4659
15 13 36.98 4681
21 24 1.0 4682
19 23 9.49 4740
13 22 84.99 4920
